Lambda: 10000
Sigma: 10000
Omega: 100
HI: 1e-11
        eps     LOS Time    LOS Iter     LU Time    BSG Time    BSG Iter   LOS error    LU error   BSG error
       1e-10    0.024782           3    0.604495    0.034958           4   0.0056385 1.89541e-05      257172
       1e-11    0.026898           3     0.60856    0.034053           4   0.0056385 1.89541e-05      257172
       1e-12    0.029673           4    0.603432    0.036975           4 6.98687e-06 1.89541e-05      257172
       1e-13    0.049111           4     0.83484    0.060324           4 6.98687e-06 1.89541e-05      257172
       1e-14    0.036548           4    0.984022    0.053738           4 6.98687e-06 1.89541e-05      257172
