         EPS      Labmda       Sigma       Omega          HI       LOS:      TIMELOS     IterLOS         LU:      TIMELU
       1e-08         100           0      0.0001    8.81e-12       LOS:     0.003943           0         LU:    0.599074
       1e-08         100           0      0.0001       1e-11       LOS:     0.004133           0         LU:    0.594518
       1e-08         100           0      0.0001       1e-10       LOS:     0.002902           0         LU:    0.609587
       1e-08         100           0           1    8.81e-12       LOS:     0.002891           0         LU:    0.608367
       1e-08         100           0           1       1e-11       LOS:     0.002952           0         LU:    0.598649
       1e-08         100           0           1       1e-10       LOS:     0.003143           0         LU:    0.608612
       1e-08         100           0       10000    8.81e-12       LOS:     0.002821           0         LU:    0.597905
       1e-08         100           0       10000       1e-11       LOS:     0.003049           0         LU:    0.599517
       1e-08         100           0       10000       1e-10       LOS:     0.002756           0         LU:    0.602374
       1e-08         100           0       1e+09    8.81e-12       LOS:     0.002964           0         LU:    0.607128
       1e-08         100           0       1e+09       1e-11       LOS:     0.003034           0         LU:    0.602676
       1e-08         100           0       1e+09       1e-10       LOS:     0.002831           0         LU:     0.63743
       1e-08         100       10000      0.0001    8.81e-12       LOS:     0.011924           0         LU:    0.608908
       1e-08         100       10000      0.0001       1e-11       LOS:     0.011514           0         LU:    0.601363
       1e-08         100       10000      0.0001       1e-10       LOS:     0.011081           0         LU:    0.650694
       1e-08         100       10000           1    8.81e-12       LOS:     0.011123           0         LU:    0.597201
       1e-08         100       10000           1       1e-11       LOS:      0.01158           0         LU:    0.609945
       1e-08         100       10000           1       1e-10       LOS:     0.014558           0         LU:    0.599547
       1e-08         100       10000       10000    8.81e-12       LOS:     0.011438           0         LU:     0.60741
       1e-08         100       10000       10000       1e-11       LOS:     0.011055           0         LU:    0.612942
       1e-08         100       10000       10000       1e-10       LOS:     0.010582           0         LU:    0.605721
       1e-08         100       10000       1e+09    8.81e-12       LOS:     0.010257           0         LU:    0.606513
       1e-08         100       10000       1e+09       1e-11       LOS:     0.010551           0         LU:    0.606927
       1e-08         100       10000       1e+09       1e-10       LOS:     0.017221           0         LU:    0.607856
       1e-08         100       1e+08      0.0001    8.81e-12       LOS:     0.010136           0         LU:    0.609282
       1e-08         100       1e+08      0.0001       1e-11       LOS:     0.010862           0         LU:     0.61207
       1e-08         100       1e+08      0.0001       1e-10       LOS:     0.011926           0         LU:    0.609491
       1e-08         100       1e+08           1    8.81e-12       LOS:      0.01105           0         LU:    0.671393
       1e-08         100       1e+08           1       1e-11       LOS:     0.010295           0         LU:    0.614888
       1e-08         100       1e+08           1       1e-10       LOS:     0.011468           0         LU:     0.60682
       1e-08         100       1e+08       10000    8.81e-12       LOS:     0.014774           1         LU:    0.660156
       1e-08         100       1e+08       10000       1e-11       LOS:     0.014976           1         LU:    0.601858
       1e-08         100       1e+08       10000       1e-10       LOS:     0.018534           1         LU:    0.610689
       1e-08         100       1e+08       1e+09    8.81e-12       LOS:      0.01451           1         LU:    0.600998
       1e-08         100       1e+08       1e+09       1e-11       LOS:     0.015021           1         LU:    0.613842
       1e-08         100       1e+08       1e+09       1e-10       LOS:     0.018406           1         LU:    0.649075
       1e-08       10000           0      0.0001    8.81e-12       LOS:     0.003338           0         LU:    0.603004
       1e-08       10000           0      0.0001       1e-11       LOS:     0.002794           0         LU:    0.599857
       1e-08       10000           0      0.0001       1e-10       LOS:     0.003671           0         LU:    0.607463
       1e-08       10000           0           1    8.81e-12       LOS:     0.002893           0         LU:     0.60226
       1e-08       10000           0           1       1e-11       LOS:     0.003547           0         LU:    0.603308
       1e-08       10000           0           1       1e-10       LOS:      0.00372           0         LU:    0.621999
       1e-08       10000           0       10000    8.81e-12       LOS:      0.00328           0         LU:    0.599052
       1e-08       10000           0       10000       1e-11       LOS:     0.003025           0         LU:    0.598595
       1e-08       10000           0       10000       1e-10       LOS:     0.002814           0         LU:    0.642043
       1e-08       10000           0       1e+09    8.81e-12       LOS:     0.002838           0         LU:    0.592941
       1e-08       10000           0       1e+09       1e-11       LOS:     0.002807           0         LU:    0.606151
       1e-08       10000           0       1e+09       1e-10       LOS:     0.002829           0         LU:    0.590392
       1e-08       10000       10000      0.0001    8.81e-12       LOS:     0.013961           0         LU:    0.612877
       1e-08       10000       10000      0.0001       1e-11       LOS:     0.010416           0         LU:    0.612687
       1e-08       10000       10000      0.0001       1e-10       LOS:     0.011105           0         LU:    0.612023
       1e-08       10000       10000           1    8.81e-12       LOS:     0.010424           0         LU:    0.613297
       1e-08       10000       10000           1       1e-11       LOS:     0.010462           0         LU:    0.594497
       1e-08       10000       10000           1       1e-10       LOS:     0.010774           0         LU:    0.625395
       1e-08       10000       10000       10000    8.81e-12       LOS:     0.010367           0         LU:    0.630752
       1e-08       10000       10000       10000       1e-11       LOS:     0.010562           0         LU:    0.612163
       1e-08       10000       10000       10000       1e-10       LOS:     0.010143           0         LU:     0.58998
       1e-08       10000       10000       1e+09    8.81e-12       LOS:     0.010172           0         LU:    0.607979
       1e-08       10000       10000       1e+09       1e-11       LOS:     0.010354           0         LU:    0.596436
       1e-08       10000       10000       1e+09       1e-10       LOS:     0.010628           0         LU:    0.605246
       1e-08       10000       1e+08      0.0001    8.81e-12       LOS:     0.011552           0         LU:    0.607887
       1e-08       10000       1e+08      0.0001       1e-11       LOS:      0.01075           0         LU:    0.618093
       1e-08       10000       1e+08      0.0001       1e-10       LOS:     0.010757           0         LU:    0.599592
       1e-08       10000       1e+08           1    8.81e-12       LOS:     0.011956           0         LU:    0.650215
       1e-08       10000       1e+08           1       1e-11       LOS:     0.010183           0         LU:    0.594944
       1e-08       10000       1e+08           1       1e-10       LOS:     0.011452           0         LU:    0.600299
       1e-08       10000       1e+08       10000    8.81e-12       LOS:     0.010416           0         LU:    0.682946
       1e-08       10000       1e+08       10000       1e-11       LOS:     0.012544           0         LU:     0.64251
       1e-08       10000       1e+08       10000       1e-10       LOS:     0.010342           0         LU:     0.59476
       1e-08       10000       1e+08       1e+09    8.81e-12       LOS:     0.016534           1         LU:     0.64647
       1e-08       10000       1e+08       1e+09       1e-11       LOS:       0.0147           1         LU:    0.600187
       1e-08       10000       1e+08       1e+09       1e-10       LOS:     0.016307           1         LU:    0.617166
       1e-08      800000           0      0.0001    8.81e-12       LOS:     0.003081           0         LU:    0.637931
       1e-08      800000           0      0.0001       1e-11       LOS:      0.00288           0         LU:    0.596532
       1e-08      800000           0      0.0001       1e-10       LOS:     0.003255           0         LU:    0.606742
       1e-08      800000           0           1    8.81e-12       LOS:     0.003022           0         LU:    0.598949
       1e-08      800000           0           1       1e-11       LOS:     0.002902           0         LU:    0.597874
       1e-08      800000           0           1       1e-10       LOS:     0.002823           0         LU:    0.593018
       1e-08      800000           0       10000    8.81e-12       LOS:     0.002778           0         LU:    0.603189
       1e-08      800000           0       10000       1e-11       LOS:     0.002869           0         LU:     0.65302
       1e-08      800000           0       10000       1e-10       LOS:     0.002876           0         LU:    0.609596
       1e-08      800000           0       1e+09    8.81e-12       LOS:       14.846       10000         LU:    0.612043
       1e-08      800000           0       1e+09       1e-11       LOS:      14.6657       10000         LU:    0.612185
       1e-08      800000           0       1e+09       1e-10       LOS:     0.003256           0         LU:    0.599031
       1e-08      800000       10000      0.0001    8.81e-12       LOS:     0.023197           0         LU:    0.599961
       1e-08      800000       10000      0.0001       1e-11       LOS:     0.011846           0         LU:    0.648279
       1e-08      800000       10000      0.0001       1e-10       LOS:     0.011363           0         LU:    0.593436
       1e-08      800000       10000           1    8.81e-12       LOS:      0.01128           0         LU:    0.613364
       1e-08      800000       10000           1       1e-11       LOS:     0.010055           0         LU:    0.616602
       1e-08      800000       10000           1       1e-10       LOS:     0.010537           0         LU:    0.605726
       1e-08      800000       10000       10000    8.81e-12       LOS:     0.011368           0         LU:    0.607801
       1e-08      800000       10000       10000       1e-11       LOS:     0.010559           0         LU:    0.601932
       1e-08      800000       10000       10000       1e-10       LOS:     0.010655           0         LU:     0.60579
       1e-08      800000       10000       1e+09    8.81e-12       LOS:     0.010138           0         LU:    0.601655
       1e-08      800000       10000       1e+09       1e-11       LOS:     0.010823           0         LU:    0.608572
       1e-08      800000       10000       1e+09       1e-10       LOS:      0.01117           0         LU:    0.607788
       1e-08      800000       1e+08      0.0001    8.81e-12       LOS:     0.010595           0         LU:    0.610247
       1e-08      800000       1e+08      0.0001       1e-11       LOS:     0.010419           0         LU:    0.594085
       1e-08      800000       1e+08      0.0001       1e-10       LOS:     0.012433           0         LU:    0.651707
       1e-08      800000       1e+08           1    8.81e-12       LOS:       0.0105           0         LU:    0.607052
       1e-08      800000       1e+08           1       1e-11       LOS:     0.011213           0         LU:    0.602357
       1e-08      800000       1e+08           1       1e-10       LOS:     0.012085           0         LU:     0.62385
       1e-08      800000       1e+08       10000    8.81e-12       LOS:     0.010415           0         LU:     0.60586
       1e-08      800000       1e+08       10000       1e-11       LOS:     0.010606           0         LU:    0.601002
       1e-08      800000       1e+08       10000       1e-10       LOS:      0.01006           0         LU:    0.607664
       1e-08      800000       1e+08       1e+09    8.81e-12       LOS:      0.01452           1         LU:    0.617726
       1e-08      800000       1e+08       1e+09       1e-11       LOS:     0.014637           1         LU:    0.597739
       1e-08      800000       1e+08       1e+09       1e-10       LOS:     0.014952           1         LU:    0.604163
       1e-09         100           0      0.0001    8.81e-12       LOS:     0.002964           0         LU:    0.601805
       1e-09         100           0      0.0001       1e-11       LOS:       0.0028           0         LU:    0.601617
       1e-09         100           0      0.0001       1e-10       LOS:     0.002951           0         LU:      0.5886
       1e-09         100           0           1    8.81e-12       LOS:     0.003171           0         LU:    0.636168
       1e-09         100           0           1       1e-11       LOS:     0.003004           0         LU:    0.596866
       1e-09         100           0           1       1e-10       LOS:     0.003178           0         LU:    0.602168
       1e-09         100           0       10000    8.81e-12       LOS:     0.003269           0         LU:    0.599127
       1e-09         100           0       10000       1e-11       LOS:     0.002943           0         LU:    0.617546
       1e-09         100           0       10000       1e-10       LOS:     0.002985           0         LU:    0.595998
       1e-09         100           0       1e+09    8.81e-12       LOS:     0.002859           0         LU:    0.603605
       1e-09         100           0       1e+09       1e-11       LOS:     0.002736           0         LU:    0.594333
       1e-09         100           0       1e+09       1e-10       LOS:     0.002812           0         LU:    0.597569
       1e-09         100       10000      0.0001    8.81e-12       LOS:     0.010863           0         LU:    0.605983
       1e-09         100       10000      0.0001       1e-11       LOS:     0.010649           0         LU:     0.61472
       1e-09         100       10000      0.0001       1e-10       LOS:     0.010754           0         LU:    0.607649
       1e-09         100       10000           1    8.81e-12       LOS:     0.011175           0         LU:    0.624692
       1e-09         100       10000           1       1e-11       LOS:     0.010444           0         LU:    0.609126
       1e-09         100       10000           1       1e-10       LOS:     0.010588           0         LU:    0.596866
       1e-09         100       10000       10000    8.81e-12       LOS:     0.011569           0         LU:    0.608527
       1e-09         100       10000       10000       1e-11       LOS:     0.010287           0         LU:    0.607261
       1e-09         100       10000       10000       1e-10       LOS:     0.010353           0         LU:    0.609675
       1e-09         100       10000       1e+09    8.81e-12       LOS:     0.010127           0         LU:    0.603616
       1e-09         100       10000       1e+09       1e-11       LOS:     0.010429           0         LU:    0.620519
       1e-09         100       10000       1e+09       1e-10       LOS:      0.01076           0         LU:    0.606042
       1e-09         100       1e+08      0.0001    8.81e-12       LOS:     0.011351           0         LU:    0.599532
       1e-09         100       1e+08      0.0001       1e-11       LOS:     0.010434           0         LU:    0.639088
       1e-09         100       1e+08      0.0001       1e-10       LOS:     0.011497           0         LU:    0.597931
       1e-09         100       1e+08           1    8.81e-12       LOS:     0.010517           0         LU:    0.608952
       1e-09         100       1e+08           1       1e-11       LOS:      0.01078           0         LU:    0.626826
       1e-09         100       1e+08           1       1e-10       LOS:     0.010384           0         LU:    0.623976
       1e-09         100       1e+08       10000    8.81e-12       LOS:     0.019028           1         LU:    0.602623
       1e-09         100       1e+08       10000       1e-11       LOS:     0.014832           1         LU:    0.608453
       1e-09         100       1e+08       10000       1e-10       LOS:      0.01485           1         LU:    0.609963
       1e-09         100       1e+08       1e+09    8.81e-12       LOS:     0.014332           1         LU:    0.605576
       1e-09         100       1e+08       1e+09       1e-11       LOS:      0.01448           1         LU:    0.615754
       1e-09         100       1e+08       1e+09       1e-10       LOS:     0.015024           1         LU:    0.607956
       1e-09       10000           0      0.0001    8.81e-12       LOS:       0.0034           0         LU:    0.603231
       1e-09       10000           0      0.0001       1e-11       LOS:     0.003058           0         LU:    0.604413
       1e-09       10000           0      0.0001       1e-10       LOS:     0.002861           0         LU:    0.593706
       1e-09       10000           0           1    8.81e-12       LOS:      0.00283           0         LU:    0.602255
       1e-09       10000           0           1       1e-11       LOS:     0.002772           0         LU:    0.589619
       1e-09       10000           0           1       1e-10       LOS:     0.002942           0         LU:    0.630572
       1e-09       10000           0       10000    8.81e-12       LOS:     0.003722           0         LU:    0.616732
       1e-09       10000           0       10000       1e-11       LOS:     0.002805           0         LU:    0.592612
       1e-09       10000           0       10000       1e-10       LOS:     0.003454           0         LU:    0.634946
       1e-09       10000           0       1e+09    8.81e-12       LOS:     0.003128           0         LU:    0.598216
       1e-09       10000           0       1e+09       1e-11       LOS:     0.003012           0         LU:    0.605922
       1e-09       10000           0       1e+09       1e-10       LOS:     0.003099           0         LU:    0.623118
       1e-09       10000       10000      0.0001    8.81e-12       LOS:     0.010963           0         LU:    0.610547
       1e-09       10000       10000      0.0001       1e-11       LOS:     0.010705           0         LU:    0.596281
       1e-09       10000       10000      0.0001       1e-10       LOS:     0.011152           0         LU:    0.606356
       1e-09       10000       10000           1    8.81e-12       LOS:     0.010982           0         LU:    0.606677
       1e-09       10000       10000           1       1e-11       LOS:     0.010914           0         LU:    0.601309
       1e-09       10000       10000           1       1e-10       LOS:     0.010909           0         LU:     0.60283
       1e-09       10000       10000       10000    8.81e-12       LOS:      0.01115           0         LU:    0.607171
       1e-09       10000       10000       10000       1e-11       LOS:     0.010113           0         LU:    0.609034
       1e-09       10000       10000       10000       1e-10       LOS:     0.011794           0         LU:    0.597488
       1e-09       10000       10000       1e+09    8.81e-12       LOS:     0.010199           0         LU:    0.621845
       1e-09       10000       10000       1e+09       1e-11       LOS:     0.010816           0         LU:    0.602503
       1e-09       10000       10000       1e+09       1e-10       LOS:      0.01551           0         LU:    0.658495
       1e-09       10000       1e+08      0.0001    8.81e-12       LOS:     0.011327           0         LU:    0.603619
       1e-09       10000       1e+08      0.0001       1e-11       LOS:     0.010928           0         LU:    0.617835
       1e-09       10000       1e+08      0.0001       1e-10       LOS:      0.01037           0         LU:    0.605149
       1e-09       10000       1e+08           1    8.81e-12       LOS:     0.010399           0         LU:    0.610492
       1e-09       10000       1e+08           1       1e-11       LOS:     0.010872           0         LU:    0.591059
       1e-09       10000       1e+08           1       1e-10       LOS:     0.011689           0         LU:    0.621217
       1e-09       10000       1e+08       10000    8.81e-12       LOS:     0.014856           1         LU:    0.605364
       1e-09       10000       1e+08       10000       1e-11       LOS:      0.01599           1         LU:     0.59313
       1e-09       10000       1e+08       10000       1e-10       LOS:     0.017126           1         LU:    0.621915
       1e-09       10000       1e+08       1e+09    8.81e-12       LOS:     0.016821           1         LU:    0.596585
       1e-09       10000       1e+08       1e+09       1e-11       LOS:     0.018904           1         LU:    0.611624
       1e-09       10000       1e+08       1e+09       1e-10       LOS:     0.016299           1         LU:    0.649679
       1e-09      800000           0      0.0001    8.81e-12       LOS:     0.002848           0         LU:    0.594888
       1e-09      800000           0      0.0001       1e-11       LOS:     0.002746           0         LU:    0.607772
       1e-09      800000           0      0.0001       1e-10       LOS:     0.002841           0         LU:    0.628025
       1e-09      800000           0           1    8.81e-12       LOS:     0.003275           0         LU:     0.61474
       1e-09      800000           0           1       1e-11       LOS:     0.003069           0         LU:    0.589814
       1e-09      800000           0           1       1e-10       LOS:      0.00334           0         LU:    0.613147
       1e-09      800000           0       10000    8.81e-12       LOS:     0.002821           0         LU:    0.606188
       1e-09      800000           0       10000       1e-11       LOS:     0.002774           0         LU:    0.593252
       1e-09      800000           0       10000       1e-10       LOS:     0.002787           0         LU:    0.599169
       1e-09      800000           0       1e+09    8.81e-12       LOS:      14.7364       10000         LU:    0.606729
       1e-09      800000           0       1e+09       1e-11       LOS:      14.7971       10000         LU:    0.601853
       1e-09      800000           0       1e+09       1e-10       LOS:     0.002801           0         LU:    0.592209
       1e-09      800000       10000      0.0001    8.81e-12       LOS:     0.010409           0         LU:    0.617176
       1e-09      800000       10000      0.0001       1e-11       LOS:     0.011239           0         LU:    0.600373
       1e-09      800000       10000      0.0001       1e-10       LOS:     0.011134           0         LU:    0.608884
       1e-09      800000       10000           1    8.81e-12       LOS:     0.010389           0         LU:    0.635076
       1e-09      800000       10000           1       1e-11       LOS:       0.0112           0         LU:    0.610897
       1e-09      800000       10000           1       1e-10       LOS:     0.011928           0         LU:    0.607535
       1e-09      800000       10000       10000    8.81e-12       LOS:     0.010604           0         LU:    0.628086
       1e-09      800000       10000       10000       1e-11       LOS:      0.01113           0         LU:    0.609736
       1e-09      800000       10000       10000       1e-10       LOS:     0.011573           0         LU:    0.607487
       1e-09      800000       10000       1e+09    8.81e-12       LOS:     0.010652           0         LU:    0.625137
       1e-09      800000       10000       1e+09       1e-11       LOS:     0.012628           0         LU:    0.602535
       1e-09      800000       10000       1e+09       1e-10       LOS:     0.012204           0         LU:    0.600182
       1e-09      800000       1e+08      0.0001    8.81e-12       LOS:     0.010464           0         LU:    0.614315
       1e-09      800000       1e+08      0.0001       1e-11       LOS:     0.010378           0         LU:    0.603088
       1e-09      800000       1e+08      0.0001       1e-10       LOS:     0.012556           0         LU:    0.594186
       1e-09      800000       1e+08           1    8.81e-12       LOS:     0.010475           0         LU:    0.617043
       1e-09      800000       1e+08           1       1e-11       LOS:     0.010152           0         LU:    0.605205
       1e-09      800000       1e+08           1       1e-10       LOS:     0.011041           0         LU:     0.59983
       1e-09      800000       1e+08       10000    8.81e-12       LOS:     0.010833           0         LU:    0.613197
       1e-09      800000       1e+08       10000       1e-11       LOS:     0.010504           0         LU:    0.610445
       1e-09      800000       1e+08       10000       1e-10       LOS:     0.010128           0         LU:    0.610353
       1e-09      800000       1e+08       1e+09    8.81e-12       LOS:     0.015602           1         LU:    0.594746
       1e-09      800000       1e+08       1e+09       1e-11       LOS:     0.015941           1         LU:    0.611599
       1e-09      800000       1e+08       1e+09       1e-10       LOS:     0.014995           1         LU:    0.604654
       1e-14         100           0      0.0001    8.81e-12       LOS:      0.00767           2         LU:    0.589596
       1e-14         100           0      0.0001       1e-11       LOS:     0.006139           2         LU:    0.619571
       1e-14         100           0      0.0001       1e-10       LOS:     0.007532           3         LU:    0.597746
       1e-14         100           0           1    8.81e-12       LOS:     0.006086           2         LU:      0.6014
       1e-14         100           0           1       1e-11       LOS:     0.038781          22         LU:     0.64033
       1e-14         100           0           1       1e-10       LOS:     0.035991          24         LU:    0.599125
       1e-14         100           0       10000    8.81e-12       LOS:     0.034726          22         LU:    0.603634
       1e-14         100           0       10000       1e-11       LOS:     0.028586          18         LU:    0.634913
       1e-14         100           0       10000       1e-10       LOS:     0.035848          19         LU:    0.623731
       1e-14         100           0       1e+09    8.81e-12       LOS:     0.005971           1         LU:    0.591054
       1e-14         100           0       1e+09       1e-11       LOS:     0.003444           0         LU:     0.63883
       1e-14         100           0       1e+09       1e-10       LOS:     0.003334           0         LU:    0.603414
       1e-14         100       10000      0.0001    8.81e-12       LOS:     0.016703           1         LU:    0.598669
       1e-14         100       10000      0.0001       1e-11       LOS:     0.014741           1         LU:    0.601341
       1e-14         100       10000      0.0001       1e-10       LOS:     0.014538           1         LU:    0.595847
       1e-14         100       10000           1    8.81e-12       LOS:      0.01295           0         LU:    0.604561
       1e-14         100       10000           1       1e-11       LOS:     0.010475           0         LU:    0.601378
       1e-14         100       10000           1       1e-10       LOS:     0.011158           0         LU:    0.604467
       1e-14         100       10000       10000    8.81e-12       LOS:     0.016176           1         LU:    0.609663
       1e-14         100       10000       10000       1e-11       LOS:      0.01444           1         LU:    0.596776
       1e-14         100       10000       10000       1e-10       LOS:     0.014136           1         LU:    0.607626
       1e-14         100       10000       1e+09    8.81e-12       LOS:     0.015031           1         LU:    0.612126
       1e-14         100       10000       1e+09       1e-11       LOS:     0.016852           1         LU:      0.6014
       1e-14         100       10000       1e+09       1e-10       LOS:      0.01806           1         LU:    0.610902
       1e-14         100       1e+08      0.0001    8.81e-12       LOS:     0.010293           0         LU:    0.594798
       1e-14         100       1e+08      0.0001       1e-11       LOS:     0.010421           0         LU:    0.599741
       1e-14         100       1e+08      0.0001       1e-10       LOS:     0.010477           0         LU:    0.617966
       1e-14         100       1e+08           1    8.81e-12       LOS:     0.017023           1         LU:    0.595803
       1e-14         100       1e+08           1       1e-11       LOS:     0.016116           1         LU:    0.617216
       1e-14         100       1e+08           1       1e-10       LOS:     0.016512           1         LU:    0.626175
       1e-14         100       1e+08       10000    8.81e-12       LOS:     0.014978           1         LU:    0.606011
       1e-14         100       1e+08       10000       1e-11       LOS:     0.016443           1         LU:    0.596505
       1e-14         100       1e+08       10000       1e-10       LOS:     0.014244           1         LU:    0.641192
       1e-14         100       1e+08       1e+09    8.81e-12       LOS:     0.015525           1         LU:    0.611861
       1e-14         100       1e+08       1e+09       1e-11       LOS:     0.019237           1         LU:    0.608412
       1e-14         100       1e+08       1e+09       1e-10       LOS:     0.014686           1         LU:    0.606978
       1e-14       10000           0      0.0001    8.81e-12       LOS:     0.016343           7         LU:    0.596336
       1e-14       10000           0      0.0001       1e-11       LOS:     0.013456           6         LU:    0.607438
       1e-14       10000           0      0.0001       1e-10       LOS:     0.014181           7         LU:    0.600657
       1e-14       10000           0           1    8.81e-12       LOS:     0.037154          19         LU:    0.596655
       1e-14       10000           0           1       1e-11       LOS:     0.042386          25         LU:    0.604657
       1e-14       10000           0           1       1e-10       LOS:     0.037201          24         LU:    0.595682
       1e-14       10000           0       10000    8.81e-12       LOS:      0.04392          28         LU:    0.591937
       1e-14       10000           0       10000       1e-11       LOS:     0.039277          26         LU:    0.598719
       1e-14       10000           0       10000       1e-10       LOS:     0.039494          26         LU:    0.595935
       1e-14       10000           0       1e+09    8.81e-12       LOS:     0.005654           1         LU:     0.61013
       1e-14       10000           0       1e+09       1e-11       LOS:     0.003067           0         LU:     0.60145
       1e-14       10000           0       1e+09       1e-10       LOS:     0.002821           0         LU:    0.596877
       1e-14       10000       10000      0.0001    8.81e-12       LOS:      0.04885           8         LU:    0.607726
       1e-14       10000       10000      0.0001       1e-11       LOS:     0.045239           8         LU:    0.592913
       1e-14       10000       10000      0.0001       1e-10       LOS:     0.037952           7         LU:    0.607082
       1e-14       10000       10000           1    8.81e-12       LOS:     0.010531           0         LU:    0.616598
       1e-14       10000       10000           1       1e-11       LOS:     0.011094           0         LU:    0.613253
       1e-14       10000       10000           1       1e-10       LOS:     0.010851           0         LU:    0.605114
       1e-14       10000       10000       10000    8.81e-12       LOS:     0.015238           1         LU:     0.63307
       1e-14       10000       10000       10000       1e-11       LOS:     0.015036           1         LU:    0.607193
       1e-14       10000       10000       10000       1e-10       LOS:     0.014831           1         LU:    0.598488
       1e-14       10000       10000       1e+09    8.81e-12       LOS:     0.015015           1         LU:    0.645975
       1e-14       10000       10000       1e+09       1e-11       LOS:     0.015904           1         LU:    0.601008
       1e-14       10000       10000       1e+09       1e-10       LOS:     0.018122           1         LU:    0.596715
       1e-14       10000       1e+08      0.0001    8.81e-12       LOS:      0.01167           0         LU:    0.608637
       1e-14       10000       1e+08      0.0001       1e-11       LOS:     0.010222           0         LU:    0.598789
       1e-14       10000       1e+08      0.0001       1e-10       LOS:     0.011145           0         LU:    0.606081
       1e-14       10000       1e+08           1    8.81e-12       LOS:     0.015653           1         LU:    0.596064
       1e-14       10000       1e+08           1       1e-11       LOS:     0.017186           1         LU:    0.609882
       1e-14       10000       1e+08           1       1e-10       LOS:     0.014505           1         LU:    0.606957
       1e-14       10000       1e+08       10000    8.81e-12       LOS:     0.015304           1         LU:    0.591256
       1e-14       10000       1e+08       10000       1e-11       LOS:     0.014669           1         LU:    0.608647
       1e-14       10000       1e+08       10000       1e-10       LOS:     0.015004           1         LU:    0.595423
       1e-14       10000       1e+08       1e+09    8.81e-12       LOS:     0.015142           1         LU:    0.610554
       1e-14       10000       1e+08       1e+09       1e-11       LOS:      0.01613           1         LU:    0.625523
       1e-14       10000       1e+08       1e+09       1e-10       LOS:      0.01598           1         LU:     0.60131
       1e-14      800000           0      0.0001    8.81e-12       LOS:     0.015506           8         LU:      0.5925
       1e-14      800000           0      0.0001       1e-11       LOS:     0.014733           7         LU:    0.618982
       1e-14      800000           0      0.0001       1e-10       LOS:      0.01397           5         LU:    0.609515
       1e-14      800000           0           1    8.81e-12       LOS:     0.019345          10         LU:    0.594263
       1e-14      800000           0           1       1e-11       LOS:     0.018711          10         LU:    0.631223
       1e-14      800000           0           1       1e-10       LOS:     0.041858          25         LU:    0.602082
       1e-14      800000           0       10000    8.81e-12       LOS:     0.039068          23         LU:    0.595765
       1e-14      800000           0       10000       1e-11       LOS:     0.029521          19         LU:    0.630812
       1e-14      800000           0       10000       1e-10       LOS:     0.041587          28         LU:    0.590531
       1e-14      800000           0       1e+09    8.81e-12       LOS:      14.6404       10000         LU:    0.614951
       1e-14      800000           0       1e+09       1e-11       LOS:      14.6208       10000         LU:     0.59741
       1e-14      800000           0       1e+09       1e-10       LOS:     0.004511           1         LU:    0.599834
       1e-14      800000       10000      0.0001    8.81e-12       LOS:     0.030587           5         LU:     0.59765
       1e-14      800000       10000      0.0001       1e-11       LOS:     0.053083          10         LU:    0.600269
       1e-14      800000       10000      0.0001       1e-10       LOS:     0.038288           7         LU:    0.599932
       1e-14      800000       10000           1    8.81e-12       LOS:      0.01545           1         LU:    0.607244
       1e-14      800000       10000           1       1e-11       LOS:     0.016706           1         LU:    0.606001
       1e-14      800000       10000           1       1e-10       LOS:     0.121295          26         LU:    0.595237
       1e-14      800000       10000       10000    8.81e-12       LOS:     0.015473           1         LU:    0.609778
       1e-14      800000       10000       10000       1e-11       LOS:     0.010423           0         LU:    0.633672
       1e-14      800000       10000       10000       1e-10       LOS:     0.010724           0         LU:     0.60218
       1e-14      800000       10000       1e+09    8.81e-12       LOS:     0.015249           1         LU:    0.603023
       1e-14      800000       10000       1e+09       1e-11       LOS:     0.014517           1         LU:    0.644136
       1e-14      800000       10000       1e+09       1e-10       LOS:     0.015175           1         LU:    0.603618
       1e-14      800000       1e+08      0.0001    8.81e-12       LOS:     0.020019           1         LU:    0.609522
       1e-14      800000       1e+08      0.0001       1e-11       LOS:     0.014381           1         LU:     0.59213
       1e-14      800000       1e+08      0.0001       1e-10       LOS:     0.014833           1         LU:    0.604928
       1e-14      800000       1e+08           1    8.81e-12       LOS:     0.010981           0         LU:    0.604083
       1e-14      800000       1e+08           1       1e-11       LOS:     0.010438           0         LU:    0.593945
       1e-14      800000       1e+08           1       1e-10       LOS:     0.011033           0         LU:    0.608726
       1e-14      800000       1e+08       10000    8.81e-12       LOS:     0.015273           1         LU:    0.597048
       1e-14      800000       1e+08       10000       1e-11       LOS:     0.014896           1         LU:    0.605606
       1e-14      800000       1e+08       10000       1e-10       LOS:      0.01479           1         LU:    0.611137
       1e-14      800000       1e+08       1e+09    8.81e-12       LOS:     0.014797           1         LU:    0.607524
       1e-14      800000       1e+08       1e+09       1e-11       LOS:     0.014739           1         LU:    0.598572
       1e-14      800000       1e+08       1e+09       1e-10       LOS:     0.014858           1         LU:    0.650964
