EPS LOS: 1e-12
Lambda: 10000
Sigma: 10000
HI: 1e-11
      Omega     LOS Time    LOS Iter     LU Time    BSG Time    BSG Iter   LOS error    LU error   BSG error
      0.0001     1.07788         266    0.602221    0.715911         128 0.000416516 3.22693e-06 0.000259617
        0.01     8.10673        2001    0.589437    0.746278         131 0.000935078 2.83152e-06  0.00282299
           1      0.0859          16    0.589155    0.093694          15 0.000384237 1.72711e-06    0.047571
         100    0.032144           4     0.59476    0.042596           4 6.98687e-06 1.89541e-05      257172
       10000      0.0247           3    0.619634    0.024474           2 0.000670165  0.00137409     18.9696
       1e+06    0.026741           3    0.606835    0.024364           2   0.0677436    0.102418   0.0807312
       1e+08    0.025095           3    0.608851    0.086725          13     48.3545     61.0706     53.4465
       1e+09    0.027466           3    0.636397    0.025477           2    0.475893    0.680733    0.752046
