EPS LOS: 1e-12
Lambda: 10000
Omega: 100
HI: 1e-11
      Sigma     LOS Time    LOS Iter     LU Time    BSG Time    BSG Iter   LOS error    LU error   BSG error
           0    0.306711         235    0.597199    0.195684         103 0.000329243 4.55483e-05  0.00010651
           1      8.4048        2001    0.611022    0.737914         131  0.00094081 1.52915e-05  0.00282327
         100    0.099753          16    0.623673    0.106648          15 0.000384029 1.55762e-06   0.0475711
       10000    0.033761           4    0.629829    0.039386           4 6.98687e-06 1.89541e-05      257172
       1e+06    0.022811           2    0.620313    0.024179           2 0.000705968  0.00138226     18.9696
       1e+08    0.025143           3     0.59847    0.024563           2   0.0686563    0.103197   0.0833366
